-0.00100187361118782
-0.00363302636454365
4.29834681927617e-18
0.00645230235555201
0.00322804312416619
-0.00883853938538118
-0.00934957765569822
0.00905091823358614
0.0184278692118741
-0.004749379300005
-0.0297224389635515
-0.00711153250496541
0.0417210572275703
0.0316499089461282
-0.0524286678959256
-0.0847962253442247
0.0598465232410926
0.310829527969206
0.4375
0.310829527969206
0.0598465232410926
-0.0847962253442247
-0.0524286678959256
0.0316499089461282
0.0417210572275703
-0.00711153250496541
-0.0297224389635515
-0.004749379300005
0.0184278692118741
0.00905091823358614
-0.00934957765569822
-0.00883853938538118
0.00322804312416619
0.00645230235555202
4.29834681927617e-18
-0.00363302636454365
-0.00100187361118782
