192
439
-1404
-3128
737
6478
1980
-10530
-8261
10439
16844
-7382
-27855
-2267
40667
24732
-57406
-96106
17612
222320
314364
178651
-53577
-131287
37509
278658
350754
203960
5519
-77373
-42515
4731
5175
-15123
-36787
-104529
-255980
-430482
-481816
-307817
24007
292941
317324
132123
-50998
-86472
-20496
20711
13702
25548
52279
7119
-112040
-165679
-58936
87199
74809
-85998
-165145
-19550
196859
208697
-12421
-180282
-35000
324672
529199
360738
-7302
-232860
-189902
-44452
14555
2977
57989
194035
284836
247421
155318
132768
192848
236449
181160
48020
-85821
-167975
-191225
-165557
-94904
2163
60242
-889
-184125
-349331
-291366
37002
424721
573202
406169
146146
56699
153503
203232
29964
-247932
-353993
-177989
101719
238365
192809
117741
115418
144555
163675
228337
373230
463493
323857
385
-218781
-118821
165394
302664
153736
-79544
-126874
33909
193678
190661
85329
32949
61905
56125
-75232
-251240
-286827
-96660
205194
412378
420908
305071
216028
232676
297288
314567
261270
210708
250315
367589
434808
333064
89885
-123248
-165940
-92571
-53789
-68658
-18086
122052
167846
-46256
-382426
-497867
-254316
93159
201059
26233
-191185
-245411
-172074
-116078
-137275
-202379
-266519
-293893
-244954
-126690
-38902
-84142
-227352
-289358
-174986
-12119
3485
-120802
-169622
-782
220124
195202
-110555
-361709
-222777
206546
456053
245220
-160206
-274154
12966
323986
286558
-17127
-186603
-1349
331404
459996
272053
-23800
-162069
-83587
74463
159854
142529
85330
34870
1307
13517
109630
250632
300241
171596
-52480
-205135
-217462
-159631
-111432
-88173
-71425
-64599
-55788
-17371
13975
-63178
-248063
-343100
-146868
234773
432052
221285
-193072
-396571
-244201
-3336
20533
-109853
-86404
186332
407027
283861
-32160
-122308
126943
357767
225766
-104614
-199400
40466
260999
166012
-91058
-187262
-106855
-92679
-205302
-211655
37448
351017
428966
235716
-10049
-142651
-185326
-193073
-115590
81279
283857
329758
205368
62456
5783
-28187
-147655
-316116
-384590
-285414
-114884
-23224
-56298
-152118
-246729
-306583
-324015
-297172
-253000
-237746
-225589
-118741
116999
350129
407384
294837
174786
134620
71870
-111641
-284593
-217607
58459
221106
60549
-235607
-307416
-93134
111070
87662
-18330
37811
219690
265294
93988
-76751
-37157
127972
196386
105313
-15599
-52725
-14799
58812
136582
145206
21558
-162515
-218751
-78668
87580
84083
-50456
-90679
48853
190381
121488
-136061
-370719
-403139
-212993
88522
335479
373691
158142
-167142
-365478
-324994
-131977
36065
79599
5977
-99924
-121975
38659
334030
531602
403022
-9458
-377107
-415840
-183436
17768
4342
-110401
-111668
44086
203350
228098
147815
69964
39231
17317
-19130
-36405
-14272
10069
10629
25368
87524
127526
41704
-129362
-196765
-32784
232005
355481
265064
100338
-6401
-65019
-117093
-127728
-62835
-10286
-77411
-227069
-308457
-259077
-150244
-46969
68533
167838
111112
-137313
-348274
-243297
130128
401663
305082
-2593
-168995
-79128
58743
50016
-43141
-65618
-23688
-55522
-198681
-310458
-271811
-120143
32925
140707
235124
314128
313888
194616
11376
-131134
-171515
-127588
-33485
88289
193595
181228
-12242
-282533
-404191
-260167
-2980
95865
-42013
-197958
-126159
115187
202367
-64493
-507641
-748183
-617155
-301269
-92660
-76098
-105158
-30539
117502
202539
152713
22662
-111151
-233225
-338900
-353685
-193788
74876
248537
192463
25436
-9249
162758
363100
383234
203193
-38413
-212512
-255448
-163948
-9155
74883
9065
-120303
-126183
26561
134207
10580
-239966
-330488
-168352
25236
11574
-148387
-167075
88756
399148
