-5177
6798
13297
3479
-5696
-3195
10740
-4871
15148
5441
2151
-5001
-4431
7557
-195
-10208
8630
-4648
-9253
-10702
-13545
-8755
4502
2510
10447
3655
4121
-10912
385
6466
-746
-3118
975
1513
4312
-13820
-2280
5836
8197
-11536
-4153
1896
11570
-4173
1860
-1038
-2176
8870
9607
13904
5275
-12867
-11774
11002
258
-7943
1519
9516
14310
-4977
4166
14070
-1617
9875
-2890
7865
3075
-14401
-7812
8936
-9093
-7896
14978
-10645
1878
-10030
-16378
11612
8002
15901
3870
15870
-285
-6903
14722
2355
-10213
-10710
-5773
7339
7822
-5209
13920
-1466
6407
-977
13526
6224
11029
12364
-358
-8930
1759
-2385
14105
3842
-4873
-2574
-1078
13283
-4094
5723
1821
2938
-2728
1627
-6432
-14668
8865
-2405
9884
15319
14519
-8813
13747
16264
-4489
13516
3175
10431
11702
2999
11579
14187
-14605
-7813
5071
2630
-13749
2938
14560
-13663
13167
-16121
-12640
-9473
7041
-272
10714
-15539
-8690
10917
-16139
-3080
-2873
-4297
-14448
-495
-10128
6531
-9317
-2630
-4700
-14475
11360
-11516
8728
-14417
3573
7572
3880
-4674
-7350
-6591
6512
6336
15490
-8269
-7196
-3760
13963
9363
-2922
-11509
9201
7278
12788
-1145
10383
-8484
707
-8830
15720
3308
-551
-7668
15382
-3042
-7235
13811
12007
-1531
3229
-11795
-1658
-618
-12455
7344
-9899
487
3645
-3282
-8259
10886
-12762
-5119
-14257
16139
11599
1706
-6404
-5938
-3703
-14502
14099
-4263
-8856
10164
6743
12427
341
-9938
7900
5656
14853
-7692
-12463
11173
2081
10462
-12053
3225
-11410
8196
-11333
-8087
3007
10451
12866
7790
-11731
10900
-10824
-9807
6235
-8052
12957
13471
-3597
7600
-3151
5675
-12664
-4768
-7116
-11728
-6517
7404
-3912
-9860
-848
-11257
-4469
-12605
-9561
27
-5789
-10203
7387
9777
12864
1657
13721
-4523
5961
-1916
-13598
6632
-15654
15891
5777
-14263
-5588
-7574
15432
-7815
-1577
10770
-4835
11218
9611
-10997
-3172
13050
1802
-1063
6271
-12859
11052
5014
-12688
10811
11209
-15036
-4854
-5995
15839
-10967
5337
-7946
9944
-5241
13875
-11956
-7430
-9104
-7159
566
12741
7077
4165
260
-15106
-7537
-6683
12852
-14135
12101
-10235
3730
-4177
11405
11286
16181
-3173
-10076
-12211
-5148
5425
-8012
5268
-11755
9638
-384
11199
-3620
10666
-1190
-8501
14596
-11814
2176
486
2157
-1700
3832
3262
-5016
10615
-16001
-3335
12934
11456
89
7968
-5907
6775
-8606
-3750
-421
-1262
34
-7309
-9482
-5059
-12017
16008
-12193
1332
15605
-9793
-8099
-13215
12451
8011
6547
380
-182
-11609
11256
-3652
3747
-14274
14453
-6541
-13129
3158
-14703
-3099
4459
3435
1657
13653
4138
14287
-11384
579
2228
-12726
2039
3798
3676
10174
-12462
3086
-10234
-15468
4348
2657
41
-5401
-7588
3233
15081
-10375
-16117
-15808
-12422
-14072
-11200
16383
-8000
-15656
15958
13217
-12194
3322
8770
-16257
-9471
-5627
-7377
5435
-2412
16061
-3432
-2720
5893
10903
10719
6881
-9171
5575
-15573
1854
-3367
-3148
11177
-12026
4300
-10867
12711
1137
-9457
-14673
6067
-7296
8114
-15755
5891
-749
10941
6802
13310
-15548
-3775
-3247
10342
6584
9346
-5729
-3856
9447
3818
-2821
10443
-5407
-5893
-4905
9312
