0.302849
1.65953
0.108101
-1.68221
0.250497
-1.63436
1.17306
-1.01245
0.463622
0.0903276
-1.55333
1.44429
-1.32128
-0.47038
1.42367
-0.398028
1.13449
-0.203979
-1.41395
0.400845
-0.676023
-1.0341
1.24551
1.72177
0.303619
-0.907324
0.217945
1.22999
-0.648457
1.23821
1.55416
1.37486
0.370799
-0.944998
-0.193275
0.392669
-0.31336
-0.723851
1.08899
0.380512
-0.94765
-1.73283
0.275314
-1.19226
-0.285811
-0.200344
-0.463652
0.965595
-1.25535
-1.67829
-0.52086
-0.763946
-1.01138
-1.26969
0.0180895
-0.0220237
-0.597458
1.19048
0.167834
-0.525317
0.681789
0.951747
0.186501
-0.5661
-1.07745
-0.527709
-0.897064
1.63804
1.11308
-0.3004
1.65371
-1.6309
-1.12656
-1.5975
1.49657
-0.797722
1.44943
-1.1829
1.44867
-0.00413612
0.526731
-1.35233
1.07398
0.284712
0.403759
-0.205232
-1.31339
0.331326
-0.359409
0.357669
-1.30981
0.378584
-1.16727
-0.431391
1.72879
0.815289
0.894887
-0.995656
1.39126
1.62491
0.285826
-0.690722
1.68349
0.328014
-0.482497
1.54614
-0.313313
-0.885402
-1.45175
-1.3083
1.54902
-0.903199
0.623254
-0.209699
1.01182
0.791501
-1.54564
0.969667
0.284526
-1.44407
-0.901701
1.22556
0.0270018
-0.580501
1.49531
-1.12
-0.016677
0.0588761
1.13736
-0.852178
0.312763
0.645283
1.21632
1.04001
1.03335
0.992381
-0.728376
1.36746
1.55938
0.199165
-0.71824
-0.47752
-0.330678
1.50151
-1.59061
-0.261948
-0.63812
-0.0279983
-1.52953
1.34201
-0.647207
0.374995
-1.02724
1.42831
-0.427414
-0.810456
0.494484
-1.57299
-0.893637
0.0163697
1.60412
0.408683
0.211409
1.15301
1.60118
0.411684
1.51077
0.192916
1.39731
-0.166959
0.452575
0.686671
0.491937
-0.644577
-1.32004
0.346161
0.202532
-0.802973
-0.203368
1.69571
0.0652581
-1.44938
-0.294966
-0.0269279
-0.607765
-0.517161
1.72011
1.30557
0.313649
-0.0899869
-1.1401
1.60157
-0.574054
0.509155
-1.38543
-0.579399
-1.35289
-1.44728
0.658104
0.310737
-0.387594
-1.08869
0.962295
-0.632307
1.52327
0.35551
-1.72259
0.119795
0.0990276
-0.559229
1.19821
1.00902
-0.582319
0.556782
-1.22196
1.53078
0.512984
-1.72559
0.298451
1.72149
-1.22231
-1.4474
-1.43112
1.65527
1.69873
-0.94911
0.425864
1.03945
0.111434
-1.33023
-0.521627
-0.0609685
0.745047
0.0714209
-1.32215
1.39502
-1.44498
-1.63254
1.12346
0.525849
-0.800631
1.30554
0.498733
1.38334
0.997247
1.40506
-0.179858
-1.45408
0.819101
-0.18528
-0.348443
0.0605884
1.37574
-0.442807
0.628792
1.02005
-0.594469
-0.828108
-1.09656
-0.198229
-1.73799
-0.29434
-0.512632
1.568
-1.23847
-1.65031
-0.0998644
1.54616
-0.915773
1.74006
-0.287303
1.39294
1.04932
-0.39118
0.789957
-1.3872
1.7261
-1.56067
0.547828
-0.202386
0.385716
-1.35569
-1.67511
-1.61114
0.600665
-0.779417
1.01212
1.1091
-0.25825
-1.03275
-1.11675
-0.205216
-0.270119
1.39325
-0.494648
0.482124
1.07047
0.546123
-0.649281
1.20891
-1.14536
-0.189086
1.52774
1.70631
-0.412612
-1.36816
1.55541
0.599173
-1.71846
-1.33636
-0.116267
-0.498496
1.05584
0.738451
0.306852
-1.25921
0.826253
-0.158161
-1.03262
0.390137
-0.99796
0.270867
-0.123402
-1.64336
-1.37533
1.04473
0.746705
0.235038
-0.139696
1.67199
0.0524056
0.411249
1.47236
-0.091846
-0.264775
0.76674
1.19786
0.902298
-0.692427
0.77109
1.04648
0.082773
-0.0525226
1.36939
0.984088
-0.108598
-1.59399
-0.505866
1.60904
1.37353
1.06109
-0.660621
1.24511
1.41864
-0.590476
-0.743447
0.229561
-0.666379
0.0293137
-0.975209
0.51491
-0.399926
0.190762
-1.3315
1.1926
1.73018
-0.800607
1.20622
-0.0561344
1.24958
-1.35381
-0.943858
1.59675
-0.943242
1.71461
-1.60368
0.784899
0.124043
-0.299782
0.819886
1.42692
0.210099
-0.614497
0.523145
0.387159
-1.6212
1.54052
1.49639
1.30145
0.00428989
1.34394
0.751327
1.33379
-0.113911
-0.984848
1.09712
-1.38122
0.483048
-0.174477
0.0283758
0.28143
-0.543102
-0.366944
-0.545832
-1.68141
-0.0650672
0.869372
-1.73521
1.28514
0.286787
1.22826
-1.57827
1.30919
0.643082
0.804599
0.124856
0.852073
-1.64372
1.14141
-0.920638
-1.39977
-1.01252
0.393227
-0.42518
-0.171815
-1.02466
0.899459
-0.809137
-0.880565
-1.44861
0.0204837
0.777124
0.778896
0.405876
-0.756423
-1.34687
0.98341
-0.454279
1.49109
-0.0962586
-0.934946
0.561829
0.546104
-1.49683
0.70092
0.0411358
-0.490398
1.06717
0.442955
-1.31408
0.941148
-0.427126
-0.556534
1.64039
-0.340062
0.531286
-1.64631
0.905417
0.729004
0.625659
-0.0852241
0.234228
0.79529
0.682811
-1.08793
-0.305198
-1.63025
-0.752015
1.15863
-1.60373
0.976862
1.30537
0.517534
0.0424192
1.67302
0.105595
0.108101
-1.66033
1.24787
0.877453
0.517522
-1.26888
0.633983
-0.801361
0.144884
0.849307
1.61643
1.66492
-0.0674202
-0.723891
-0.249354
1.26152
-0.903698
-0.349709
-0.296918
-0.944548
-0.613253
0.505933
-1.48034
-1.07609
