-0.000307779
-0.00279324
-0.00617881
0.00325491
0.0175405
0.00407372
-0.0232025
-0.0208215
0.0279208
0.0441721
-0.019512
-0.0718867
-0.00849296
0.108338
0.0653508
-0.148492
-0.185318
0.221232
0.779363
0.830635
0.139029
-0.710874
-0.955933
-0.528712
-0.0239922
0.0916746
-0.0780713
-0.225114
-0.279086
-0.317425
-0.293885
-0.0710969
0.300558
0.552678
0.452104
-0.00322878
-0.569679
-0.867577
-0.615407
0.0976269
0.788701
0.962442
0.577829
0.0313731
-0.197516
0.0552434
0.623348
1.16693
1.34089
1.03142
0.403972
-0.195965
-0.466308
-0.353571
-0.0204557
0.265573
0.272791
-0.0483707
-0.531711
-0.894322
-0.950642
-0.73101
-0.381884
-0.0631499
0.0436611
-0.203654
-0.712819
-1.10776
-1.12295
-0.909676
-0.800069
-0.815876
-0.626275
-0.117392
0.338034
0.34829
0.0965294
0.0900225
0.454578
0.692343
0.334562
-0.46321
-1.04038
-0.912141
-0.151755
0.757406
1.24795
0.959826
0.00337105
-0.973819
-1.24635
-0.703745
0.0340618
0.360104
0.308891
0.293305
0.39403
0.304422
-0.0198198
-0.166988
0.137194
0.519351
0.377099
-0.278447
-0.741538
-0.500626
0.0578537
0.132783
-0.437859
-0.942309
-0.653702
0.265433
0.980773
0.92949
0.454926
0.277637
0.622225
0.991731
0.852281
0.344535
0.109041
0.420208
0.799886
0.599516
-0.222228
-1.02316
-1.1701
-0.671312
-0.0499618
0.274286
0.310166
0.276046
0.293496
0.301644
0.201859
-0.0523544
-0.387712
-0.59075
-0.447075
0.0143175
0.431027
0.407433
-0.00317942
-0.286139
-0.102877
0.280581
0.336269
0.03511
-0.0382081
0.51078
1.25453
1.40584
0.828869
0.281031
0.431849
1.00409
1.1001
0.382668
-0.446857
-0.561636
-0.05905
0.241487
-0.0956322
-0.679689
-0.878474
-0.561189
-0.110678
0.0765702
-0.0186293
-0.140254
-0.059773
0.164255
0.211772
-0.160347
-0.762281
-1.03747
-0.640218
0.15668
0.7497
0.848509
0.711266
0.767136
1.06023
1.24875
1.07078
0.683319
0.449982
0.507539
0.612149
0.464572
0.0513904
-0.362172
-0.555733
-0.489688
-0.243212
0.0706556
0.311481
0.349649
0.13269
-0.278264
-0.683293
-0.794444
-0.402941
0.374216
1.06231
1.12174
0.517917
-0.169296
-0.311522
0.104047
0.445995
0.12391
-0.745011
-1.42847
-1.33333
-0.589342
0.0828187
0.136726
-0.268694
-0.494325
-0.129822
0.523442
0.741509
0.19722
-0.61273
-0.84659
-0.237573
0.581798
0.804511
0.391135
-0.00862072
0.0300694
0.206729
0.108065
-0.0872408
0.0353714
0.300177
0.0958093
-0.633781
-1.08711
-0.595433
0.413794
0.965067
0.762255
0.327814
0.100551
-0.0785533
-0.410409
-0.606891
-0.319716
0.224705
0.410438
-0.0229441
-0.647071
-0.847554
-0.496209
0.0234144
0.300758
0.308679
0.395162
0.809302
1.31739
1.37025
0.750147
-0.0912332
-0.489595
-0.313627
0.00079558
0.112566
0.152444
0.347343
0.597718
0.584574
0.255535
-0.1728
-0.572524
-0.953357
-1.20049
-1.00434
-0.356626
0.172667
0.0184
-0.59588
-0.862057
-0.400728
0.310009
0.668641
0.657468
0.653885
0.769523
0.747462
0.430853
0.0269771
-0.185056
-0.17123
-0.0406588
0.0876967
0.0598137
-0.301708
-0.944937
-1.47112
-1.38707
-0.618981
0.366068
0.918047
0.686176
-0.148744
-0.941557
-1.05734
-0.445388
0.273046
0.486921
0.314088
0.321205
0.65617
0.754401
0.219859
-0.439032
-0.349396
0.490124
1.09847
0.797754
0.0981583
-0.0895492
0.226964
0.166941
-0.637524
-1.33716
-0.970848
0.177249
0.901133
0.637898
0.00168407
-0.236618
-0.123463
-0.159151
-0.38486
-0.389912
-0.143759
-0.153416
-0.657613
-1.09851
-0.793167
0.100356
0.738882
0.669518
0.345165
0.409227
0.785905
0.875625
0.50562
0.163187
0.266519
0.60131
0.74975
0.653705
0.49805
0.352752
0.234609
0.342265
0.768492
1.04828
0.584911
-0.402398
-0.877071
-0.237469
0.868152
1.34837
0.975781
0.494528
0.466416
0.595631
0.330357
-0.272486
-0.648331
-0.518515
-0.171903
-0.0473951
-0.21251
-0.381408
-0.285381
0.0698833
0.459299
0.683989
0.715029
0.615898
0.383798
-0.00994184
-0.369544
-0.364625
0.0503741
0.443147
0.374677
-0.0406936
-0.26289
-0.020749
0.427717
0.71421
0.732427
0.542275
0.173715
-0.252321
-0.375409
0.0648978
0.793817
1.22804
1.12176
0.845974
0.829729
0.951984
0.792171
0.252724
-0.248894
-0.378446
-0.226447
-0.0675197
0.0171863
0.0790498
0.0463991
-0.221883
-0.611902
-0.8242
-0.745603
-0.529182
-0.261551
0.0918488
0.426529
0.47179
0.229197
0.088652
0.342869
0.729959
0.771811
0.434175
0.0771538
-0.11506
-0.339884
-0.705029
-0.917408
-0.738208
-0.382415
-0.217934
-0.241998
-0.193073
-0.128814
-0.426448
-0.991498
-1.09807
-0.300166
0.768318
1.00551
0.1633
-0.781564
-0.80186
0.00484026
0.666745
0.57773
0.0763786
-0.199943
-0.107116
0.00969504
-0.0900892
-0.226923
-0.110925
0.244095
0.482162
0.29847
-0.171645
-0.435629
-0.157371
0.415208
0.630314
0.210901
-0.346275
-0.344178
0.206096
0.643726
0.552559
0.271673
0.296699
0.517824
0.372764
-0.298305
-0.994907
-1.14024
-0.703316
-0.120766
0.228186
0.367215
0.538236
0.82186
1.00108
0.775229
0.18882
-0.313937
-0.277823
0.24417
0.687854
0.550753
-0.0845957
