-0.000303416
-0.0027629
-0.00613742
0.0032467
0.0175459
0.00410515
-0.023242
-0.0207916
0.0279357
0.0441538
-0.0195312
-0.0718927
-0.00842951
0.108272
0.0653436
-0.148438
-0.185362
0.2213
0.779657
0.831075
0.139582
-0.710607
-0.95603
-0.528724
-0.0240127
0.0918778
-0.0779959
-0.225637
-0.280202
-0.318724
-0.294544
-0.0712163
0.300776
0.553012
0.452167
-0.00301506
-0.568687
-0.866
-0.613728
0.0989503
0.789597
0.9632
0.578383
0.0319099
-0.197057
0.0555213
0.623479
1.16664
1.34069
1.03118
0.403493
-0.196432
-0.466743
-0.354051
-0.0209645
0.265077
0.272463
-0.048242
-0.531159
-0.893692
-0.950436
-0.731237
-0.382575
-0.0637989
0.0437469
-0.2029
-0.7116
-1.10667
-1.12256
-0.909999
-0.800274
-0.815459
-0.625953
-0.117616
0.337381
0.347686
0.0965228
0.0904917
0.454821
0.692367
0.334442
-0.463463
-1.04043
-0.911994
-0.151466
0.757531
1.24791
0.959784
0.0037421
-0.972845
-1.24545
-0.703363
0.0339773
0.360033
0.308917
0.293541
0.393949
0.304051
-0.0205715
-0.167667
0.136583
0.518749
0.376864
-0.278142
-0.740706
-0.499692
0.0581711
0.132089
-0.438364
-0.942254
-0.653577
0.265049
0.97991
0.929134
0.455345
0.278443
0.622658
0.991933
0.852666
0.345099
0.109128
0.419491
0.798948
0.599286
-0.221587
-1.02286
-1.17037
-0.671171
-0.0490087
0.27555
0.310866
0.27613
0.292983
0.301197
0.202233
-0.0515598
-0.387132
-0.590735
-0.447492
0.013625
0.430456
0.40718
-0.00304837
-0.285596
-0.102354
0.280558
0.335449
0.0343042
-0.038246
0.511867
1.25548
1.40523
0.827433
0.280458
0.432858
1.00607
1.10218
0.384015
-0.446486
-0.561761
-0.0597231
0.240326
-0.0964527
-0.679712
-0.877953
-0.560586
-0.109834
0.0775088
-0.0181615
-0.140657
-0.0605679
0.163568
0.211555
-0.160537
-0.762801
-1.03781
-0.639972
0.157623
0.750535
0.848391
0.710335
0.766567
1.0608
1.25002
1.07197
0.684174
0.450309
0.507513
0.612321
0.465248
0.0522571
-0.361398
-0.554996
-0.489111
-0.242882
0.0705781
0.311097
0.34927
0.132644
-0.277949
-0.682818
-0.793785
-0.402198
0.374974
1.06255
1.12122
0.516763
-0.169969
-0.310814
0.105195
0.446863
0.124201
-0.745048
-1.42862
-1.3334
-0.58964
0.0822783
0.136195
-0.269107
-0.494314
-0.129536
0.524255
0.742624
0.198209
-0.612233
-0.846567
-0.237742
0.581732
0.804581
0.391207
-0.00845003
0.0302391
0.207099
0.108669
-0.0867738
0.0353563
0.300211
0.0962385
-0.633105
-1.08659
-0.595566
0.413201
0.964714
0.762519
0.328776
0.101971
-0.0774684
-0.409519
-0.605998
-0.319237
0.224668
0.410564
-0.022044
-0.645654
-0.846154
-0.495262
0.0236788
0.300204
0.307817
0.39455
0.809433
1.31829
1.3714
0.750723
-0.091171
-0.489429
-0.312891
0.00222334
0.113742
0.153084
0.347802
0.598109
0.585091
0.256391
-0.172137
-0.57239
-0.953651
-1.20089
-1.00464
-0.356707
0.172862
0.0182808
-0.596503
-0.862675
-0.4006
0.310788
0.669652
0.658086
0.653996
0.769397
0.747661
0.431118
0.0266865
-0.185715
-0.171905
-0.0406107
0.088081
0.0597891
-0.302604
-0.946305
-1.4726
-1.38852
-0.620339
0.365284
0.918478
0.687656
-0.147418
-0.941617
-1.05851
-0.446577
0.272378
0.486395
0.313444
0.320627
0.655718
0.754219
0.220227
-0.438378
-0.348671
0.490815
1.09885
0.79765
0.0979465
-0.0896108
0.226871
0.166837
-0.637706
-1.33713
-0.97031
0.177701
0.900969
0.637657
0.00190257
-0.235767
-0.122247
-0.157758
-0.383689
-0.389153
-0.143103
-0.153133
-0.657926
-1.09911
-0.793544
0.10032
0.739082
0.669787
0.345333
0.408986
0.785422
0.875326
0.505686
0.163389
0.266029
0.600326
0.74924
0.654128
0.499122
0.353545
0.234755
0.342458
0.769536
1.05008
0.586535
-0.401553
-0.876478
-0.236595
0.869214
1.34928
0.976335
0.494649
0.466144
0.595049
0.32969
-0.273009
-0.648477
-0.518006
-0.171122
-0.046556
-0.21215
-0.381638
-0.285657
0.0702232
0.460068
0.684431
0.715007
0.615753
0.384033
-0.00982888
-0.369756
-0.364673
0.051124
0.444368
0.375436
-0.0400886
-0.262349
-0.0201468
0.42829
0.714837
0.733381
0.543336
0.174193
-0.252929
-0.376674
0.064237
0.79445
1.22908
1.12192
0.844913
0.828421
0.951904
0.792991
0.253844
-0.247905
-0.377808
-0.225664
-0.0663062
0.0185758
0.0795774
0.0461447
-0.222337
-0.612449
-0.824764
-0.746127
-0.529754
-0.261825
0.0922243
0.427196
0.472488
0.229117
0.0878038
0.34171
0.729233
0.77206
0.435121
0.0780868
-0.114646
-0.340109
-0.705265
-0.917379
-0.738051
-0.382389
-0.218047
-0.241881
-0.192368
-0.127597
-0.425381
-0.991719
-1.09912
-0.301005
0.768072
1.00591
0.163635
-0.782033
-0.802505
0.0045987
0.666724
0.577528
0.0759186
-0.200268
-0.106977
0.0101845
-0.0895752
-0.226785
-0.111122
0.243706
0.481863
0.298373
-0.171601
-0.435602
-0.157448
0.41513
0.630607
0.211205
-0.346246
-0.344046
0.206236
0.64402
0.552652
0.271193
0.296072
0.5175
0.372838
-0.29777
-0.994419
-1.1399
-0.702612
-0.119689
0.229345
0.367787
0.537869
0.820986
1.00069
0.775746
0.189543
-0.313971
-0.278608
0.243531
0.68835
0.551775
-0.0838429
