-106
-962
-2128
1121
6041
1403
-7991
-7171
9616
15213
-6720
-24758
-2925
37312
22507
-51141
-63824
76193
268415
286073
47882
-244827
-329226
-182090
-8263
31573
-26888
-77530
-96118
-109322
-101215
-24486
103513
190344
155706
-1112
-196199
-298796
-211948
33623
271631
331468
199006
10805
-68025
19026
214683
401893
461807
355224
139129
-67491
-160598
-121771
-7045
91464
93950
-16659
-183123
-308007
-327404
-251762
-131522
-21749
15037
-70139
-245497
-381515
-386749
-313295
-275546
-280990
-215691
-40430
116420
119952
33245
31004
156558
238445
115224
-159531
-358309
-314144
-52265
260853
429796
330567
1161
-335386
-429247
-242372
11731
124021
106383
101015
135705
104844
-6826
-57511
47250
178866
129874
-95898
-255388
-172417
19925
45731
-150800
-324534
-225137
91416
337781
320119
156678
95619
214296
341555
293528
118659
37554
144721
275483
206475
-76536
-352381
-402986
-231202
-17207
94465
106822
95071
101081
103887
69521
-18031
-133529
-203456
-153974
4931
148447
140321
-1095
-98547
-35431
96633
115812
12092
-13159
175914
432063
484175
285465
96788
148730
345810
378877
131792
-153899
-193429
-20337
83169
-32936
-234087
-302549
-193275
-38118
26371
-6416
-48304
-20586
56570
72935
-55224
-262532
-357307
-220493
53961
258199
292229
244962
264204
365148
430073
368781
235337
154975
174798
210826
160000
17699
-124733
-191396
-168650
-83763
24334
107275
120420
45699
-95835
-235328
-273609
-138774
128881
365864
386329
178372
-58306
-107289
35834
153602
42675
-256584
-491968
-459202
-202971
28523
47089
-92539
-170247
-44711
180275
255378
67923
-211026
-291568
-81821
200373
277076
134708
-2969
10356
71198
37218
-30046
12182
103382
32997
-218276
-374403
-205069
142512
332372
262523
112900
34630
-27054
-141346
-209015
-110111
77389
141356
-7902
-222853
-291900
-170896
8064
103582
106310
136095
278726
453712
471918
258353
-31421
-168618
-108014
274
38768
52502
119626
205856
201329
88007
-59513
-197179
-328339
-413451
-345897
-122823
59467
6337
-205223
-296895
-138012
106768
230282
226434
225200
265026
257428
148387
9291
-63734
-58972
-14003
30203
20600
-103909
-325439
-506658
-477711
-213179
126075
316178
236321
-51228
-324275
-364151
-153393
94038
167697
108173
110624
225987
259818
75720
-151204
-120333
168800
378315
274749
33806
-30841
78167
57495
-219565
-460521
-334363
61045
310353
219694
580
-81492
-42521
-54812
-132547
-134287
-49511
-52837
-226484
-378331
-273169
34563
254473
230584
118876
140939
270668
301568
174137
56202
91790
207093
258216
225138
171530
121489
80800
117877
264671
361031
201445
-138587
-302066
-81785
298994
464382
336062
170317
160635
205137
113776
-93845
-223287
-178578
-59204
-16323
-73189
-131358
-98286
24068
158184
235568
246258
212117
132181
-3424
-127272
-125578
17349
152621
129040
-14015
-90540
-7146
147307
245976
252250
186761
59828
-86900
-129292
22351
273393
422941
386338
291356
285761
327866
272826
87039
-85720
-130338
-77989
-23254
5919
27225
15980
-76417
-210741
-283857
-256788
-182252
-90079
31633
146898
162486
78936
30532
118085
251400
265814
149531
26572
-39627
-117057
-242814
-315958
-254241
-131705
-75057
-83345
-66495
-44364
-146870
-341475
-378179
-103378
264611
346300
56241
-269173
-276163
1667
229629
198972
26305
-68861
-36891
3339
-31027
-78153
-38203
84067
166058
102794
-59115
-150032
-54199
142999
217082
72635
-119258
-118536
70980
221701
190303
93565
102184
178340
128381
-102737
-342649
-392701
-242224
-41592
78588
126470
185370
283051
344776
266991
65030
-108121
-95683
84093
236899
189681
-29135
