2851
15618
1024
-15853
2359
-15386
11047
-9541
4370
852
-14609
13605
-12435
-4423
13406
-3752
10677
-1909
-13326
3749
-6374
-9744
11711
16215
2851
-8546
2050
11577
-6108
11669
14640
12941
3505
-8893
-1824
3704
-2940
-6817
10253
3594
-8938
-16321
2588
-11228
-2676
-1887
-4371
9090
-11829
-15821
-4915
-7188
-9515
-11971
161
-193
-5626
11210
1593
-4967
6426
8963
1761
-5343
-10137
-4965
-8462
15425
10491
-2832
15570
-15370
-10611
-15056
14101
-7514
13651
-11142
13643
-29
4959
-12724
10124
2685
3803
-1933
-12369
3102
-3376
3366
-12327
3574
-11001
-4063
16300
7677
8435
-9404
13115
15300
2687
-6509
15849
3104
-4536
14565
-2963
-8334
-13668
-12323
14579
-8516
5863
-1967
9525
7465
-14560
9128
2675
-13603
-8481
11547
260
-5455
14066
-10540
-157
544
10727
-8019
2947
6075
11437
9800
9755
9353
-6879
12868
14665
1866
-6766
-4500
-3104
14149
-14961
-2472
-6020
-261
-14402
12618
-6097
3542
-9660
13447
-4016
-7626
4659
-14811
-8417
152
15093
3851
2004
10867
15071
3863
14222
1813
13154
-1581
4283
6443
4635
-6074
-12449
3267
1907
-7567
-1913
15985
612
-13653
-2787
-251
-5729
-4886
16202
12299
2972
-853
-10736
15069
-5409
4783
-13040
-5452
-12749
-13623
6205
2934
-3652
-10253
9068
-5967
14333
3342
-16226
1125
936
-5266
11283
9503
-5486
5244
-11516
14416
4824
-16247
2808
16205
-11505
-13649
-13471
15598
15996
-8934
3995
9786
1033
-12534
-4912
-589
7020
679
-12460
13117
-13619
-15370
10565
4963
-7529
12295
4707
13014
9377
13233
-1692
-13700
7707
-1759
-3284
555
12957
-4175
5925
9587
-5595
-7800
-10322
-1866
-16366
-2760
-4835
14764
-11653
-15533
-946
14551
-8629
16382
-2710
13119
9881
-3684
7438
-13058
16259
-14688
5147
-1906
3642
-12745
-15771
-15155
5664
-7324
9533
10417
-2432
-9732
-10498
-1924
-2545
13136
-4660
4558
10071
5152
-6113
11368
-10782
-1795
14390
16067
-3881
-12884
14652
5636
-16173
-12593
-1088
-4713
9957
6954
2887
-11862
7770
-1508
-9730
3675
-9416
2552
-1151
-15474
-12952
9845
7030
2215
-1320
15748
510
3865
13871
-859
-2494
7230
11295
8488
-6522
7254
9845
792
-496
12861
9266
-1030
-15009
-4777
15136
12946
9983
-6219
11722
13371
-5541
-7005
2156
-6265
267
-9189
4837
-3756
1803
-12539
11215
16295
-7536
11370
-540
11766
-12740
-8884
15028
-8895
16139
-15097
7385
1166
-2842
7736
13429
1965
-5797
4949
3655
-15266
14509
14079
12264
45
12668
7088
12542
-1070
-9292
10328
-13004
4530
-1657
272
2654
-5119
-3442
-5131
-15840
-595
8183
-16341
12095
2695
11569
-14856
12335
6073
7564
1173
8016
-15488
10754
-8671
-13177
-9543
3704
-4000
-1619
-9661
8461
-7621
-8303
-13628
202
7322
7332
3814
-7119
-12670
9258
-4282
14049
-904
-8794
5281
5136
-14089
6594
392
-4622
10064
4170
-12374
8857
-4017
-5236
15447
-3218
5015
-15500
8521
6854
5906
-797
2203
7500
6427
-10238
-2893
-15351
-7079
10893
-15112
9201
12296
4879
412
15749
990
1015
-15622
11759
8253
4870
-11955
5965
-7546
1369
7984
15220
15665
-635
-6811
-2346
11890
-8497
-3282
-2806
-8895
-5775
4754
-13945
-10127
